# GENERAL CONFIGURATION SETUP
# DIGITAL INPUT (UNI x)
#  0: +COLOUR|BACK
#  1: -DISABLED
#  2: -DISABLED
#  3: +COLOUR|FRONT, DOWN
#  4: -DISABLED
#  5: +DISTANCE|AHEAD
#  6: +DISTANCE|SIDE
#  7: +ANALOG|POWER SUPPLY, ACCU LEVEL
# COUNTER (CNT x)
#  0: +MOTOR COUNTER|RIGHT
#  1: +MOTOR COUNTER|LEFT
#  2: -DISABLED
#  3: -DISABLED
#CLCK|   TIME|UNI 0|UNI 3|UNI 5|UNI 6|UNI 7|CNT 0|CNT 1|DST 0|DST 1|ANNOTATION
12:32       0  2223   198     3    17     0    92    88     0     0 RE/START START STATE MACHINE
12:32      12  2223   208     3    17     0    92    88     0     0 OLD STATE:FAILURE --> NEW STATE:START
12:32      54  2223   208     4    17     0    92    88     0     0
12:33     915  2223   208     5    17     0    92    88     0     0
12:33    1356  2223   208     7    17     0    92    88     0     0
12:33    1441  2223   208    11    17     0    92    88     0     0 EVENT TRIGGER:NOT_WALL_AHEAD
12:33    1441  2223   208    11    17     0    92    88     0     0 OLD STATE:START --> NEW STATE:SUCHEN
12:33    1506  2223   208    11    17     0     0     0   477   477
12:33    1528  2223   208    11    17     0     1     1   477   477
12:33    1570  2223   208    15    17     0     3     3   477   477
12:33    1591  2223   208    15    17     0     5     4   477   477
12:33    1612  2223   248    15    17     0     6     6   477   477
12:33    1633  2223   258    15    17     0     8     8   477   477
12:33    1654  2223   287    15    17     0    10    10   477   477
12:33    1698  2223   377    15    17     0    12    12   477   477
12:33    1719  2223   456    15    18     0    14    14   477   477 EVENT TRIGGER:TOO_FAR
12:33    1719  2223   456    15    18     0    14    14   477   477 MAYBE UNHANDLED TRIGGER!
12:33    1741  2223   476    15    18     0    16    16   477   477
12:33    1763  2223   506    16    18     0    18    18   477   477
12:33    1784  2223   506    16    18     0    20    19   477   477
12:33    1805  2223   516    16    18     0    21    21   477   477 EVENT TRIGGER:ON_GREY
12:33    1805  2223   516    16    18     0    21    21   477   477 OLD STATE:SUCHEN --> NEW STATE:AUSRICHTEN
12:33    1848  2223   546    16    18     0    25    24    47    47
12:33    1869  2223   565    14    18     0    27    25    47    47
12:33    1911  2223   575    14    18     0     2     1    47    47
12:33    1932  2223   575    14    18     0     2     2    47    47
12:33    1953  2223   575    14    18     0     4     3    47    47
12:33    1974  2223   575    12    18     0     7     6    47    47
12:33    1995  2223   585    12    18     0     8     8    47    47
12:33    2037  2223   585    12    18     0    11    10    47    47
12:33    2058  2223   585    12    19     0    12    12    47    47 EVENT TRIGGER:TOO_FAR
12:33    2058  2223   585    12    19     0    12    12    47    47 MAYBE UNHANDLED TRIGGER!
12:33    2080  2223   585    12    19     0    15    14    47    47
12:33    2101  2223   585    11    19     0    17    16    47    47
12:33    2122  2223   585    11    19     0    19    19    47    47
12:33    2164  2223   585    11    20     0    21    21    47    47 EVENT TRIGGER:NO_SIDEWALL
12:33    2164  2223   585    11    20     0    21    21    47    47 MAYBE UNHANDLED TRIGGER!
12:33    2186  2223   585    11    20     0    24    23    47    47
12:33    2207  2223   585    11    20     0    25    25    47    47
12:33    2228  2223   585    11    20     0    27    27    47    47
12:33    2249  2223   585    11    20     0    29    28    47    47
12:33    2296  2223   565    11    22     0    32    31    47    47
12:33    2338  2223   565    13    22     0    36    35    47    47
12:33    2359  2223   575    13    23     0    39    38    47    47
12:33    2380  2223   585    13    23     0    42    41    47    47
12:33    2401  2223   585    11    23     0    44    43    47    47
12:33    2443  2223   585    11    23     0    45    45    47    47
12:33    2464  2223   585    11    24     0    46    46    47    47
12:33    2506  2223   585    11    24     0    46    46    47    47
12:33    2527  2223   585    11    24     0    47    46    47    47
12:33    2548  2223   585    11    24     0    47    47    47    47 EVENT TRIGGER:IS_STOPPED
12:33    2548  2223   585    11    24     0    47    47    47    47 OLD STATE:AUSRICHTEN --> NEW STATE:AUSRICHTEN_2
12:33    2571  2223   585    11    15     0    47    47    93    93
12:33    2615  2223   585    11    15     0     0     0    93    93
12:33    2636  2223   585    11    15     0     2     1    93    93
12:33    2657  2223   585    11    15     0     3     3    93    93
12:33    2678  2223   585    11    16     0     5     4    93    93
12:33    2699  2223   585    11    16     0     6     6    93    93
12:33    2741  2223   585    11    16     0     9     8    93    93
12:33    2762  2223   585    11    16     0    10    10    93    93
12:33    2785  2223   585    11    15     0    13    12    93    93
12:33    2806  2223   585    11    15     0    14    13    93    93
12:33    2827  2223   555    11    15     0    16    16    93    93
12:33    2848  2223   555    11    15     0    18    17    93    93
12:33    2890  2223   516    11    15     0    21    20    93    93
12:33    2911  2223   446    11    17     0    22    22    93    93 EVENT TRIGGER:ON_TRAIL
12:33    2911  2223   446    11    17     0    22    22    93    93 MAYBE UNHANDLED TRIGGER!
12:33    2933  2223   446    11    17     0    24    24    93    93
12:33    2954  2223   446    11    17     0    26    26    93    93
12:33    2975  2223   446    11    17     0    29    28    93    93
12:33    3017  2223   446    11    16     0    30    30    93    93
12:33    3038  2223   446    11    16     0    33    32    93    93
12:33    3058  2223   387    15    16     0    34    34    93    93
12:33    3079  2223   337    15    16     0    37    36    93    93
12:33    3100  2223   367    15    12     0    39    38    93    93
12:33    3121  2223   357    15    12     0    41    40    93    93
12:33    3163  2223   327    15    12     0    43    42    93    93
12:33    3186  2223   327    15    12     0    45    45    93    93
12:33    3207  2223   317    15    12     0    48    47    93    93
12:33    3228  2223   317    15    12     0    50    49    93    93
12:33    3273  2223   307    60    12     0    53    52    93    93
12:33    3294  2223   287    60    12     0    55    54    93    93
12:33    3315  2223   287    60    12     0    57    56    93    93
12:33    3336  2223   287    60    12     0    59    58    93    93
12:33    3357  2223   287    60    12     0    61    60    93    93
12:33    3399  2184   287    26    12     0    63    63    93    93
12:33    3420  2174   287    26    12     0    65    64    93    93
12:33    3441  2164   287    26    11     0    67    67    93    93
12:33    3462  2154   277    26    11     0    69    69    93    93
12:33    3483  2154   268    25    11     0    72    71    93    93
12:33    3525  2154   248    25    11     0    73    73    93    93
12:33    3546  2144   248    25    11     0    76    75    93    93
12:33    3567  2144   248    25    11     0    78    77    93    93
12:33    3609  2144   248    25    11     0    80    80    93    93
12:33    3630  2144   258    25    11     0    84    83    93    93
12:33    3651  2144   268    25    11     0    86    85    93    93
12:33    3672  2144   287    25    11     0    87    86    93    93
12:33    3714  2124   307    25    11     0    89    88    93    93
12:33    3735  2124   307    25    11     0    91    91    93    93
12:33    3756  2114   307    25    11     0    92    91    93    93
12:33    3777  2104   327    25    11     0    92    92    93    93
12:33    3798  2074   337    25    11     0    92    92    93    93
12:33    3819  2064   317    41    11     0    92    92    93    93
12:33    3840  2064   317    41    11     0    93    92    93    93
12:33    3861  2054   307    41    11     0    93    93    93    93 EVENT TRIGGER:IS_STOPPED
12:33    3861  2054   307    41    11     0    93    93    93    93 MAYBE UNHANDLED TRIGGER!
12:33    4030  2074   307    41    11     0    93    93    93    93
12:33    4052  2084   307    41    11     0    93    93    93    93
12:33    4094  2074   307    41    11     0    93    93    93    93
12:33    4115  2074   307    44    11     0    93    93    93    93
12:33    4157  2064   307    44    11     0    93    93    93    93
12:33    4241  2064   307    43    11     0    93    93    93    93
12:33    4472  2084   307    41    11     0    93    93    93    93
12:33    4493  2084   307    41     8     0    93    93    93    93
12:33    4556  2074   307    41     8     0    93    93    93    93
12:33    4577  2064   307    41     8     0    93    93    93    93
12:33    4598  2074   307    41    11     0    93    93    93    93
12:33    4661  2074   307    44    11     0    93    93    93    93
12:33    4724  2074   307    44    25     0    93    93    93    93 EVENT TRIGGER:NO_SIDEWALL
12:33    4724  2074   307    44    25     0    93    93    93    93 MAYBE UNHANDLED TRIGGER!
12:33    4787  2074   307    42    25     0    93    93    93    93
12:33    4829  2074   307    42    26     0    93    93    93    93
12:33    4851  2064   297    42    26     0    93    93    93    93
12:33    4893  2064   297    40    26     0    93    93    93    93
12:33    4935  2054   297    40    26     0    93    93    93    93
12:33    4977  2054   297    36    26     0    93    93    93    93
12:33    5040  2064   297    36    24     0    93    93    93    93
12:33    5082  2074   297    37    24     0    93    93    93    93
12:33    5124  2074   297    37    25     0    93    93    93    93
12:33    5313  2074   297    11    25     0    93    93    93    93
12:33    5334  2064   297    11    25     0    93    93    93    93
12:33    5355  2054   297    11    25     0    93    93    93    93
12:33    5439  2064   297    11    26     0    93    93    93    93
12:33    5523  2074   297     3    26     0    93    93    93    93 EVENT TRIGGER:WALL_AHEAD
12:33    5523  2074   297     3    26     0    93    93    93    93 MAYBE UNHANDLED TRIGGER!
12:33    5566  2074   297     3    25     0    93    93    93    93
12:33    5608  2064   297     3    25     0    93    93    93    93
12:33    5631  2064   297    11    25     0    93    93    93    93 EVENT TRIGGER:NOT_WALL_AHEAD
12:33    5631  2064   297    11    25     0    93    93    93    93 MAYBE UNHANDLED TRIGGER!
12:33    5674  2064   287    11    25     0    93    93    93    93
12:33    5716  2064   287    12    25     0    93    93    93    93
12:33    5800  2074   287    12    25     0    93    93    93    93
12:33    5843  2074   287    46    25     0    93    93    93    93
12:33    5864  2064   287    46    25     0    93    93    93    93
12:33    5906  2054   287    46    24     0    93    93    93    93
12:33    5948  2054   287    11    24     0    93    93    93    93
12:33    6012  2054   287    11    25     0    93    93    93    93
12:33    6054  2054   287    39    25     0    93    93    93    93
12:33    6096  2064   287    39    25     0    93    93    93    93
12:33    6139  2064   287    39    23     0    93    93    93    93
12:33    6163  2064   287    38    23     0    93    93    93    93
12:33    6184  2074   287    38    23     0    93    93    93    93
12:33    6205  2074   287    38    11     0    93    93    93    93
12:33    6269  2074   277    39    11     0    93    93    93    93
12:33    6374  2074   277    38    11     0    93    93    93    93
12:33    6416  2074   277    38    25     0    93    93    93    93 EVENT TRIGGER:NO_SIDEWALL
12:33    6416  2074   277    38    25     0    93    93    93    93 MAYBE UNHANDLED TRIGGER!
12:33    6543  2064   277    38    25     0    93    93    93    93
12:33    6584  2064   277     9    25     0    93    93    93    93 EVENT TRIGGER:WALL_AHEAD
12:33    6584  2064   277     9    25     0    93    93    93    93 MAYBE UNHANDLED TRIGGER!
12:33    6627  2074   277     9    25     0    93    93    93    93
12:33    6690  2064   277     8    25     0    93    93    93    93
12:33    6774  2054   277     8    25     0    93    93    93    93
12:33    6796  2054   277     9    25     0    93    93    93    93
12:33    6922  2054   277     8    25     0    93    93    93    93
12:33    6964  2074   277     8    25     0    93    93    93    93
12:33    7027  2074   277     7    25     0    93    93    93    93
12:33    7090  2064   277     7    25     0    93    93    93    93
12:33    7195  2054   277     7    25     0    93    93    93    93
12:33    7279  2074   277     7    24     0    93    93    93    93
12:33    7321  2074   277     8    24     0    93    93    93    93
12:33    7363  2064   277     8    24     0    93    93    93    93
12:33    7405  2064   277     8    25     0    93    93    93    93
12:33    7448  2074   277     8    25     0    93    93    93    93
12:33    7532  2064   277     8    25     0    93    93    93    93
12:33    7763  2064   277     7    25     0    93    93    93    93
12:33    7805  2054   277     7    25     0    93    93    93    93
12:33    7868  2054   277    11    25     0    93    93    93    93 EVENT TRIGGER:NOT_WALL_AHEAD
12:33    7868  2054   277    11    25     0    93    93    93    93 MAYBE UNHANDLED TRIGGER!
12:33    8079  2064   277    11    25     0    93    93    93    93
12:33    8393  2084   277    11    25     0    93    93    93    93
12:33    8458  2064   277    11    25     0    93    93    93    93
12:33    8521  2064   277     9    25     0    93    93    93    93 EVENT TRIGGER:WALL_AHEAD
12:33    8521  2064   277     9    25     0    93    93    93    93 MAYBE UNHANDLED TRIGGER!
12:33    8628  2064   277     6    25     0    93    93    93    93
12:33    8712  2074   277     6    25     0    93    93    93    93
12:33    8733  2074   277     5    25     0    93    93    93    93
12:33    8775  2094   277     5    25     0    93    93    93    93
12:33    8838  2064   277    11    25     0    93    93    93    93
12:33    9027  2064   277     8    25     0    93    93    93    93
12:33    9156  2064   277    11    25     0    93    93    93    93 EVENT TRIGGER:NOT_WALL_AHEAD
12:33    9156  2064   277    11    25     0    93    93    93    93 MAYBE UNHANDLED TRIGGER!
12:33    9200  2054   277    11    25     0    93    93    93    93
12:33    9242  2054   277     8    25     0    93    93    93    93 EVENT TRIGGER:WALL_AHEAD
12:33    9242  2054   277     8    25     0    93    93    93    93 MAYBE UNHANDLED TRIGGER!
12:33    9285  2064   277     8    25     0    93    93    93    93
12:33    9390  2074   277     8    25     0    93    93    93    93
12:33    9474  2074   277    10    25     0    93    93    93    93 EVENT TRIGGER:NOT_WALL_AHEAD
12:33    9474  2074   277    10    25     0    93    93    93    93 MAYBE UNHANDLED TRIGGER!
12:33    9582  2074   277    11    25     0    93    93    93    93
12:33    9603  2064   277    11    25     0    93    93    93    93
12:33    9645  2054   277    11    25     0    93    93    93    93
12:33    9687  2054   277     9    25     0    93    93    93    93 EVENT TRIGGER:WALL_AHEAD
12:33    9687  2054   277     9    25     0    93    93    93    93 MAYBE UNHANDLED TRIGGER!
12:33    9963  2064   277     9    25     0    93    93    93    93
12:33   10046  2074   277     9    25     0    93    93    93    93
12:33   10067  2074   277     9    24     0    93    93    93    93
12:33   10109  2074   277    10    24     0    93    93    93    93 EVENT TRIGGER:NOT_WALL_AHEAD
12:33   10109  2074   277    10    24     0    93    93    93    93 MAYBE UNHANDLED TRIGGER!
12:33   10194  2064   277     8    24     0    93    93    93    93 EVENT TRIGGER:WALL_AHEAD
12:33   10194  2064   277     8    24     0    93    93    93    93 MAYBE UNHANDLED TRIGGER!
12:33   10321  2064   277    11    24     0    93    93    93    93 EVENT TRIGGER:NOT_WALL_AHEAD
12:33   10321  2064   277    11    24     0    93    93    93    93 MAYBE UNHANDLED TRIGGER!
12:33   10364  2054   277    11    24     0    93    93    93    93
12:33   10406  2064   277    11    24     0    93    93    93    93
12:33   10553  2074   277    13    24     0    93    93    93    93
12:33   10574  2084   277    13    24     0    93    93    93    93
12:33   10637  2084   277    11    24     0    93    93    93    93
12:33   10679  2074   277    11    24     0    93    93    93    93
12:33   10700  2064   277    11    24     0    93    93    93    93
12:33   10807  2074   277    11    24     0    93    93    93    93
12:33   10849  2064   277    11    24     0    93    93    93    93
12:33   10870  2074   277    11    24     0    93    93    93    93
12:33   10933  2064   277    11    24     0    93    93    93    93
12:33   10954  2054   277    11    24     0    93    93    93    93
12:33   11080  2064   277    11    24     0    93    93    93    93
